EventsCount=2487689
XCenter=332.198318
YCenter=654.832062
ZCenter=475.805908
AABBWidth=1550.645599
AABBHeight=2887.658142
AABBDepth=1637.011719
VSDPositionFile=sprite.psp
VSDIntensityFile=sprite1.psi
TimeStep=0
